  4156979.  3  13
  4156979.  2  10
  4156979.  2  10
  4156979.  2  10
  4156979.  3  14
  4156979.  2   9
  4156979.  1   4
  8002370.  3  13
  8002370.  3  12
  8002370.  3  12
  8002370.  3  13
  8002370.  2   8
  8002370.  1   3
  8002370.  1   4
  8002825.  3  11
  8002825.  2   9
  8002825.  1   2
  8005598.  2   9
  8005598.  2   8
  8005598.  2   8
  8005598.  3  13
  8005598.  1   3
  8005598.  2   8
  8005598.  3  13
  8014845.  3  13
  8014845.  2   8
  8014845.  2   8
  8014845.  2   8
  8014845.  2   8
  8014845.  2   8
  8014845.  1   3
  8014845.  2   8
  8014845.  2   8
  8014845.  2   8
  8014845.  2   8
  8014845.  2   8
  8014845.  3  13
  8014845.  2   8
  8014845.  1   3
  8015099.  1   4
  8015099.  2   8
  8015099.  2   9
  8015099.  1   3
  8015099.  1   4
  8015099.  1   4
  8015099.  1   4
  8015099.  2   9
  8015099.  2   9
  8015099.  1   4
  8015099.  1   4
  8015099.  1   4
  8015099.  1   4
  8015099.  1   4
  8015099.  1   4
  8015099.  1   4
  8015099.  1   4
  8015099.  1   4
  8015099.  1   4
  8015099.  1   4
  8015099.  3  14
  8015099.  1   4
  8015099.  1   4
  8018822.  1   4
  8018822.  2   9
  8018822.  3  13
  8018822.  3  13
  8018822.  1   4
  8018822.  1   4
  8018822.  1   4
  8018822.  3  13
  8018822.  1   4
  8019066.  3  13
  8019066.  3  13
  8019066.  3  13
  8019066.  2   8
  8019066.  2   8
  8019066.  3  13
  8019066.  3  13
  8019066.  2   8
  8019066.  3  13
  8019066.  2   8
  8019066.  1   1
  8019066.  2   6
  8019066.  3  14
  8019066.  2   8
  8019066.  2   8
  8020893.  1   3
  8020893.  3  13
  8020893.  3  13
  8020893.  3  13
  8020893.  1   3
  8020893.  3  13
  8020893.  3  14
  8020893.  3  13
  8020893.  3  11
  8020893.  3  13
  8020893.  3  13
  8020893.  3  13
  8020893.  3  13
  8020893.  2   6
  8024237.  2  10
  8024237.  2  10
  8024237.  2   9
  8024237.  3  11
  8024237.  2  10
  8024237.  1   5
  8024237.  3  14
  8024237.  3  14
  8024237.  3  13
  8024237.  3  13
  8024237.  2   8
  8024237.  3  14
  8024237.  3  14
  8024237.  3  13
  8024237.  3  11
  8024237.  3  14
  8025006.  3  12
  8025006.  3  12
  8025006.  3  12
  8025006.  2   8
  8025006.  2   8
  8025006.  2   8
  8025006.  3  13
  8025006.  2   8
  8025006.  1   2
  8025608.  3  11
  8025608.  1   4
  8025608.  2   9
  8032648.  2   7
  8032648.  2   7
  8032648.  2   7
  8032648.  2   7
  8032648.  2   7
  8032648.  2   7
  8032648.  2   7
  8032648.  2   7
  8032648.  2   7
  8032648.  2   7
  8032648.  2   7
  8032648.  2   7
  8032648.  2   7
  8032648.  2   7
  8032648.  2   7
  8032648.  2   7
  8032648.  2   7
  8032648.  2   7
  8032648.  2   7
  8032648.  2   7
  8032648.  2   7
  8032648.  2   7
  8032648.  2   7
  8032648.  2   7
  8032648.  2   7
  8032648.  2   7
  8032648.  2   7
  8032648.  2   7
  8032648.  2   7
  8032648.  2   7
  8032648.  2   9
  8032648.  2   7
  8032648.  1   2
  8032648.  3  12
  8032648.  2   9
  8032648.  2   7
  8032648.  2   7
  8032648.  2   7
  8032648.  2   7
  8032648.  2   7
  8032648.  2   9
  8043693.  2   6
  8043693.  3  11
  8043693.  2   7
  8043693.  1   3
  8043693.  3  13
  8043693.  2   9
  8043693.  2   8
  8044534.  2  10
  8044534.  2   9
  8044534.  2  10
  8044534.  1   3
  8044534.  1   3
  8044534.  1   5
  8044534.  2  10
  8044534.  2  10
  8044534.  1   5
  8044534.  1   3
  8044534.  1   3
  8044534.  2  10
  8044534.  2  10
  8044534.  1   5
  8044534.  1   5
  8044534.  3  13
  8044534.  2  10
  8044534.  1   3
  8044534.  2  10
  8044534.  2  10
  8044534.  2  10
  8044534.  2  10
  8044534.  1   5
  8044534.  1   5
  8044534.  2  10
  8044534.  1   5
  8044534.  1   5
  8044534.  2  10
  8044534.  1   5
  8044534.  1   5
  8044534.  2  10
  8044534.  1   3
  8044534.  2  10
  8044534.  2  10
  8044534.  2   8
  8044534.  1   5
  8044534.  1   5
  8044534.  1   3
  8044534.  2  10
  8044534.  2  10
  8044534.  2  10
  8044534.  2  10
  8044534.  1   5
  8045475.  1   3
  8045475.  1   4
  8045475.  1   3
  8045475.  1   5
  8045475.  2  10
  8045475.  1   5
  8045475.  3  13
  8045475.  2  10
  8045475.  1   5
  8045475.  2  10
  8045475.  2  10
  8045475.  2  10
  8045475.  1   5
  8045475.  1   3
  8045475.  1   3
  8045475.  1   5
  8045475.  1   5
  8045475.  1   5
  8046402.  2   9
  8046402.  1   4
  8046402.  2   9
  8046402.  2   9
  8046402.  2   9
  8046402.  2   9
  8046402.  2   9
  8046402.  2   9
  8046402.  2   9
  8046402.  3  14
  8046402.  2   9
  8046402.  2   9
  8046402.  2   9
  8047065.  1   4
  8047065.  1   4
  8047065.  3  13
  8047065.  2   7
  8047065.  2   7
  8047065.  2   7
  8047065.  2   9
  8047065.  2   9
  8047065.  2   9
  8047065.  1   3
  8047065.  1   2
  8047065.  1   2
  8047065.  1   4
  8047065.  1   4
  8047065.  2   7
  8049363.  1   5
  8049363.  3  14
  8049363.  2   9
  8049363.  1   5
  8049363.  1   5
  8051076.  3  13
  8051076.  1   3
  8051076.  2  10
  8051076.  1   5
  8051076.  1   5
  8053207.  1   5
  8053207.  1   2
  8053207.  1   2
  8053207.  1   5
  8053207.  2   9
  8053207.  1   3
  8053207.  1   4
  8053207.  1   4
  8053207.  1   2
  8053207.  1   4
  8053207.  1   4
  8053207.  1   2
  8053207.  1   4
  8053207.  1   2
  8053207.  1   3
  8053207.  1   2
  8053207.  1   3
  8053207.  1   3
  8053207.  1   2
  8053207.  1   4
  8053207.  1   2
  8053207.  1   4
  8053207.  2   9
  8053207.  1   4
  8053207.  2   7
  8053207.  1   2
  8053207.  1   2
  8053207.  1   2
  8053207.  1   2
  8053207.  1   2
  8053207.  1   4
  8053207.  1   2
  8053207.  1   2
  8053207.  1   5
  8053207.  2   9
  8053207.  1   4
  8053207.  1   3
  8053207.  1   4
  8053207.  1   2
  8053207.  1   2
  8053207.  1   2
  8053207.  1   4
  8053207.  1   2
  8053207.  1   2
  8053207.  1   2
  8053207.  1   3
  8053207.  1   5
  8053207.  1   2
  8053207.  1   2
  8053207.  1   5
  8053207.  1   2
  8053207.  1   2
  8053207.  1   2
  8053207.  3  12
  8053207.  1   4
  8053207.  1   5
  8053207.  1   5
  8053232.  2   9
  8053232.  2  10
  8053232.  1   5
  8053232.  3  13
  8053232.  3  13
  8054649.  3  11
  8054649.  2   6
  8054649.  1   1
  8057446.  2  10
  8057446.  3  13
  8057446.  2   8
  8057446.  2   8
  8057446.  2   8
  8057446.  2   8
  8057446.  2   7
  8057446.  3  13
  8057446.  2  10
  8057446.  1   3
  8059839.  2   9
  8059839.  3  14
  8059839.  3  14
  8059839.  2   9
  8059839.  2   9
  8059839.  2   9
  8059839.  3  14
  8059839.  2   9
  8059839.  2   9
  8059839.  1   2
  8059839.  3  13
  8059839.  2   9
  8059839.  1   2
  8059839.  1   2
  8059839.  2   8
  8059839.  2   7
  8059839.  1   2
  8059839.  1   2
  8059839.  1   2
  8059839.  1   2
  8059839.  1   2
  8059839.  1   2
  8059839.  3  13
  8059839.  1   2
  8059839.  2   7
  8059839.  2   9
  8059839.  1   2
  8059839.  2   7
  8059839.  2   9
  8059839.  1   2
  8059839.  1   2
  8059839.  1   2
  8059839.  2   7
  8059839.  1   2
  8059839.  1   2
  8059839.  2   7
  8059839.  1   2
  8059839.  1   2
  8059839.  1   2
  8059839.  1   2
  8059839.  1   4
  8059839.  1   2
  8059839.  2   8
  8059839.  2   8
  8059839.  1   2
  8062219.  1   4
  8062219.  1   3
  8062219.  3  14
  8062219.  2   9
  8062219.  3  12
  8062219.  1   3
  8062219.  1   5
  8062219.  3  13
  8062219.  2   7
  8062219.  3  12
  8062219.  3  12
  8062219.  3  12
  8062219.  3  14
  8062219.  3  14
  8062219.  3  12
  8062219.  3  12
  8062219.  3  12
  8062219.  3  12
  8062219.  3  12
  8064575.  1   5
  8064575.  3  13
  8064575.  1   3
  8064575.  1   3
  8064575.  1   4
  8064575.  1   1
  8064575.  1   5
  8064575.  1   1
  8064575.  1   3
  8064575.  1   5
  8064575.  1   5
  8064575.  2  10
  8064575.  2  10
  8064575.  2  10
  8064575.  1   5
  8064575.  1   5
  8069510.  1   5
  8069510.  1   3
  8069510.  1   4
  8069510.  1   5
  8069510.  1   5
  8069510.  1   5
  8069510.  2   8
  8069510.  3  13
  8069510.  1   5
  8069510.  1   3
  8069510.  1   3
  8069510.  1   5
  8069510.  1   3
  8069510.  1   5
  8069510.  1   5
  8069510.  1   3
  8069510.  1   3
  8069510.  1   5
  8072410.  3  13
  8072410.  2   8
  8072410.  2   8
  8072410.  2   8
  8072410.  2   8
  8072410.  2   8
  8072410.  1   3
  8073158.  2   6
  8073158.  2   6
  8073158.  3  11
  8073158.  3  11
  8073158.  2   8
  8073158.  3  11
  8073158.  3  11
  8073158.  3  11
  8073158.  3  11
  8073158.  3  11
  8073158.  3  11
  8073158.  3  11
  8073158.  2   6
  8073158.  2   6
  8073158.  1   1
  8073158.  1   1
  8073158.  2   6
  8073158.  2   6
  8073158.  1   1
  8073158.  1   1
  8073158.  1   1
  8073158.  3  11
  8073158.  3  11
  8073158.  3  11
  8073158.  1   1
  8073158.  1   1
  8073158.  1   1
  8073158.  1   1
  8073158.  1   1
  8073158.  1   1
  8073158.  3  11
  8073158.  3  11
  8076859.  3  13
  8076859.  1   3
  8076859.  2   6
  8076859.  2   8
  8076859.  3  11
  8076859.  3  13
  8078746.  1   3
  8078746.  1   3
  8078746.  2   8
  8078746.  1   3
  8078746.  2   8
  8078746.  3  13
  8078746.  2   8
  8078746.  3  13
  8089906.  3  12
  8089906.  2   7
  8089906.  2   9
  8089906.  2   9
  8089906.  1   4
  8090401.  1   2
  8090401.  3  13
  8090401.  1   2
  8090401.  1   2
  8090401.  2   7
  8090554.  2   8
  8090554.  3  13
  8090554.  2   8
  8090554.  2   8
  8090554.  1   3
  8090554.  2   8
  8090554.  3  13
  8090554.  2   9
  8090554.  2   8
  8093530.  3  13
  8093530.  3  14
  8093530.  2   9
  8093530.  2  10
  8093530.  3  14
  8093530.  2  10
  8093530.  2   8
  8093530.  1   1
  8093530.  3  14
  8093530.  3  13
  8093530.  3  13
  8093530.  3  13
  8093530.  3  13
  8093530.  2   8
  8093530.  2   9
  8093530.  2   8
  8093530.  2   8
  8093530.  2   8
  8093530.  2   9
  8093530.  2  10
  8093530.  3  13
  8093530.  3  13
  8093530.  3  13
  8093530.  3  12
  8093530.  3  12
  8093530.  2   9
  8093530.  3  13
  8093530.  3  13
  8093530.  3  12
  8093530.  3  12
  8093530.  3  14
  8093530.  3  13
  8093530.  3  14
  8093530.  2  10
  8095735.  1   5
  8095735.  1   5
  8095735.  1   3
  8095735.  3  14
  8095735.  2   8
  8095735.  2   7
  8095735.  2   8
  8095735.  2   6
  8095735.  2   9
  8095980.  1   4
  8095980.  1   4
  8095980.  1   4
  8095980.  1   4
  8095980.  2   9
  8095980.  2   9
  8095980.  2   9
  8095980.  2   9
  8095980.  2   9
  8095980.  2   9
  8095980.  2  10
  8095980.  3  14
  8095980.  2   9
  8095980.  2   9
  8095980.  2   7
  8095980.  2   9
  8095980.  2   9
  8095980.  2   9
  8096245.  3  13
  8096245.  3  13
  8096245.  3  13
  8096245.  3  13
  8096245.  3  13
  8096245.  2   8
  8096245.  1   4
  8096245.  1   4
  8096245.  3  13
  8096245.  1   3
  8100668.  2   9
  8100668.  3  14
  8100668.  2   9
  8100668.  1   4
  8103645.  1   4
  8103645.  1   4
  8103645.  1   4
  8103645.  1   4
  8103645.  1   4
  8103645.  1   4
  8103645.  1   4
  8103645.  1   4
  8103645.  1   4
  8103645.  1   4
  8103645.  1   4
  8103645.  1   4
  8103645.  1   4
  8103645.  1   4
  8103645.  1   4
  8103645.  1   4
  8103645.  1   4
  8103645.  1   4
  8103645.  1   4
  8103645.  1   4
  8103645.  1   3
  8103645.  1   4
  8103645.  1   4
  8103645.  1   4
  8103645.  1   4
  8103645.  1   4
  8103645.  1   4
  8103645.  1   4
  8103645.  1   4
  8103645.  1   4
  8103645.  1   3
  8103645.  1   4
  8103645.  1   4
  8103645.  1   4
  8103645.  1   4
  8103645.  1   4
  8103645.  1   4
  8103645.  1   4
  8103645.  1   4
  8103645.  1   3
  8103645.  1   4
  8103645.  1   4
  8103645.  1   4
  8103645.  1   4
  8103645.  1   4
  8103645.  1   4
  8103645.  1   4
  8103645.  1   4
  8103645.  1   4
  8103645.  1   4
  8103645.  1   4
  8103645.  1   3
  8103645.  1   3
  8103645.  1   4
  8103645.  1   4
  8103645.  1   4
  8103645.  1   4
  8103645.  1   4
  8103645.  1   4
  8103645.  1   4
  8103645.  1   4
  8103645.  1   4
  8103645.  1   4
  8103645.  1   4
  8103645.  1   4
  8103645.  1   4
  8103645.  1   4
  8103645.  1   3
  8103645.  1   4
  8103645.  1   4
  8103645.  1   4
  8103645.  1   4
  8103645.  1   4
  8103645.  1   3
  8103645.  1   3
  8103645.  1   3
  8103645.  1   3
  8103645.  1   3
  8103645.  1   3
  8103645.  1   4
  8103645.  1   4
  8103645.  1   4
  8103645.  1   4
  8103645.  1   3
  8103645.  1   3
  8103645.  1   3
  8103645.  1   3
  8103645.  1   3
  8103645.  1   3
  8103645.  1   4
  8103645.  1   4
  8103645.  1   4
  8103645.  1   4
  8103645.  1   4
  8103645.  1   3
  8103645.  1   4
  8103645.  2   9
  8103645.  2   9
  8103645.  1   4
  8103645.  1   4
  8103645.  2   9
  8103645.  2   9
  8103645.  2   9
  8103645.  2   9
  8103645.  2   9
  8103645.  1   4
  8103645.  1   4
  8103645.  1   4
  8103645.  1   4
  8103645.  1   4
  8103645.  1   3
  8103645.  2   8
  8103645.  2   8
  8103645.  2   9
  8103645.  1   4
  8103645.  1   4
  8103645.  2   9
  8103645.  2   9
  8103645.  1   4
  8103645.  1   4
  8103645.  1   3
  8103645.  3  13
  8103645.  1   4
  8103645.  1   3
  8103645.  1   4
  8103645.  1   3
  8103645.  1   3
  8103645.  1   3
  8103645.  1   3
  8103645.  2   9
  8103645.  2   9
  8103645.  1   3
  8106215.  1   3
  8106215.  1   3
  8106215.  3  14
  8106215.  1   3
  8106215.  1   5
  8106215.  1   5
  8106215.  2  10
  8108058.  2   6
  8108058.  3  12
  8108058.  3  12
  8108058.  3  12
  8108058.  2   9
  8108058.  1   2
  8108058.  1   2
  8108058.  1   2
  8108058.  1   2
  8108058.  1   2
  8108058.  1   2
  8108058.  1   3
  8108058.  1   2
  8108058.  1   2
  8108058.  1   2
  8108058.  1   4
  8108058.  1   4
  8108058.  1   2
  8108058.  1   2
  8108058.  1   4
  8108058.  1   2
  8108058.  1   4
  8108248.  3  11
  8108248.  1   3
  8108248.  1   3
  8108248.  1   3
  8108248.  1   3
  8108248.  1   3
  8108248.  3  13
  8108248.  3  13
  8108248.  1   4
  8108248.  1   3
  8108248.  3  11
  8108248.  1   3
  8108248.  1   3
  8108248.  3  13
  8108248.  3  13
  8108248.  1   4
  8108248.  1   3
  8108248.  3  13
  8108248.  1   3
  8108248.  3  13
  8108248.  2   8
  8108248.  2   8
  8112081.  2   8
  8112081.  2   8
  8112081.  2  10
  8112081.  2   8
  8112081.  2   8
  8112081.  2   9
  8112081.  2   9
  8112081.  2   8
  8112081.  2  10
  8112081.  2  10
  8112081.  3  11
  8112081.  2   9
  8112081.  2  10
  8112081.  2   8
  8112081.  2   8
  8112081.  2  10
  8112081.  2   9
  8112081.  2   8
  8112081.  2  10
  8112081.  2  10
  8112081.  2  10
  8112081.  2   7
  8112081.  2   8
  8112081.  2  10
  8112081.  2  10
  8112081.  2  10
  8112081.  2   9
  8112081.  2  10
  8112081.  2   9
  8112081.  2  10
  8112081.  1   4
  8112081.  1   3
  8113909.  3  13
  8113909.  1   3
  8113909.  2   8
  8113909.  1   3
  8113909.  2   8
  8113909.  1   1
  8113909.  1   3
  8115869.  2   9
  8115869.  2   7
  8115869.  2   9
  8115869.  2   7
  8115869.  2   9
  8115869.  2   6
  8115869.  3  14
  8115869.  2   7
  8115869.  2   6
  8115869.  2   6
  8115869.  2   6
  8115869.  1   1
  8115869.  2   8
  8115869.  2   8
  8115869.  1   1
  8115869.  2   8
  8115869.  2   8
  8115869.  2   9
  8115869.  2   9
  8115869.  2   9
  8115869.  2   9
  8115869.  2   9
  8115869.  2   9
  8115869.  1   2
  8115869.  2   7
  8115869.  2   9
  8115869.  2   8
  8115869.  2   7
  8115869.  2   9
  8115869.  2   9
  8115869.  2   6
  8115869.  2   8
  8117565.  3  12
  8117565.  1   3
  8117565.  3  14
  8117565.  3  13
  8117565.  1   4
  8117565.  3  13
  8117565.  1   3
  8117565.  1   3
  8117565.  1   3
  8117565.  2   8
  8117565.  1   3
  8117565.  3  13
  8121059.  2   8
  8121059.  2   8
  8121059.  2   8
  8121059.  2   6
  8121059.  2   9
  8121059.  2   9
  8121059.  2   8
  8121059.  2   9
  8121059.  2  10
  8121059.  2   9
  8121059.  2  10
  8121059.  2   9
  8121059.  2   9
  8121059.  2   9
  8121059.  2   9
  8121059.  2   9
  8121059.  2   9
  8121059.  1   2
  8121059.  2   8
  8121059.  1   4
  8121059.  1   3
  8121059.  2   9
  8121059.  1   3
  8121059.  2   9
  8121059.  2   9
  8121059.  2   9
  8121059.  2   9
  8121059.  2   9
  8121059.  2   9
  8121059.  2   9
  8121059.  2   8
  8121059.  2   8
  8121059.  1   4
  8121059.  1   4
  8121059.  1   4
  8121059.  2   8
  8121059.  2   8
  8121059.  1   3
  8121059.  1   3
  8121059.  2   6
  8121059.  1   4
  8121059.  1   4
  8121059.  1   4
  8121059.  2   9
  8121059.  2   9
  8121059.  2   9
  8121059.  1   4
  8121059.  1   5
  8121059.  1   4
  8121059.  2  10
  8121059.  2  10
  8121059.  3  13
  8121059.  1   4
  8121059.  2   9
  8121059.  2   9
  8121059.  2  10
  8121059.  1   3
  8121059.  2   8
  8121059.  2   8
  8121059.  2   8
  8121059.  2   8
  8121059.  2   8
  8121059.  2   8
  8121830.  2  10
  8121830.  1   3
  8121830.  3  13
  8122148.  3  13
  8122148.  3  13
  8122148.  3  14
  8122148.  3  14
  8122148.  1   4
  8122148.  3  13
  8122148.  3  11
  8122148.  3  11
  8122148.  1   4
  8122148.  2   8
  8122148.  3  11
  8122148.  1   5
  8123869.  1   2
  8123869.  1   3
  8123869.  1   1
  8123869.  1   3
  8123869.  1   2
  8123869.  1   4
  8123869.  1   1
  8123869.  2   9
  8123869.  1   2
  8123869.  1   2
  8123869.  1   3
  8123869.  1   1
  8123869.  1   1
  8123869.  1   1
  8123869.  1   1
  8123869.  1   2
  8123869.  1   1
  8123869.  1   1
  8123869.  1   2
  8123869.  1   4
  8123869.  1   2
  8123869.  1   3
  8123869.  1   2
  8123869.  1   2
  8123869.  1   4
  8123869.  1   4
  8123869.  2   9
  8123869.  1   2
  8123869.  1   4
  8123869.  1   2
  8123869.  1   2
  8123869.  1   4
  8123869.  1   4
  8123869.  1   2
  8123869.  1   2
  8123869.  1   2
  8123869.  1   3
  8123869.  1   2
  8123869.  1   2
  8123869.  1   2
  8123869.  1   2
  8123869.  1   4
  8123869.  1   2
  8123869.  1   2
  8123869.  1   3
  8123869.  1   3
  8123869.  1   2
  8123869.  1   2
  8123869.  1   2
  8123869.  1   2
  8123869.  1   2
  8123869.  1   2
  8123869.  1   2
  8123869.  1   2
  8123869.  1   2
  8123869.  1   2
  8123869.  1   2
  8123869.  1   2
  8123869.  1   2
  8123869.  1   2
  8123869.  1   2
  8123869.  1   4
  8123869.  1   2
  8123869.  1   2
  8123869.  1   2
  8123869.  1   4
  8123869.  1   2
  8123869.  1   2
  8123869.  1   2
  8123869.  1   2
  8123869.  2   7
  8123869.  1   2
  8123869.  1   2
  8123869.  1   3
  8123869.  1   2
  8123869.  1   2
  8123869.  1   4
  8123869.  1   2
  8123869.  1   2
  8123869.  1   2
  8123869.  1   2
  8123869.  1   2
  8123869.  1   2
  8123869.  1   4
  8123869.  1   2
  8123869.  1   2
  8123869.  1   4
  8123869.  1   4
  8123869.  1   2
  8123869.  1   4
  8123869.  1   2
  8123869.  1   2
  8123869.  1   2
  8123869.  1   2
  8123869.  1   2
  8123869.  1   2
  8123869.  1   2
  8123869.  1   2
  8123869.  1   2
  8123869.  1   2
  8123869.  1   2
  8123869.  1   2
  8123869.  1   2
  8123869.  1   2
  8123869.  1   2
  8123869.  1   2
  8123869.  1   4
  8123869.  1   2
  8123869.  1   2
  8123869.  1   2
  8123869.  1   2
  8123869.  1   2
  8123869.  1   2
  8123869.  1   2
  8123869.  1   2
  8123869.  1   2
  8123869.  1   2
  8123869.  1   2
  8123869.  1   2
  8123869.  1   2
  8123869.  1   4
  8123869.  1   3
  8123869.  1   4
  8123869.  1   2
  8123869.  1   2
  8123869.  1   2
  8123869.  3  12
  8123869.  3  12
  8123869.  3  12
  8123869.  1   2
  8123869.  1   2
  8123869.  1   2
  8123869.  1   2
  8123869.  1   2
  8123869.  1   2
  8123869.  1   2
  8123869.  1   2
  8123869.  2   9
  8123869.  1   2
  8123869.  1   4
  8123869.  1   2
  8123869.  1   2
  8123869.  1   4
  8123869.  1   2
  8123869.  1   2
  8123869.  1   2
  8123869.  1   4
  8123869.  1   2
  8123869.  1   4
  8123869.  1   2
  8123869.  1   2
  8123869.  1   2
  8123869.  1   2
  8123869.  1   2
  8123869.  1   2
  8123869.  1   2
  8123869.  1   2
  8123869.  1   2
  8123869.  1   4
  8123869.  1   1
  8123869.  1   2
  8123869.  1   2
  8123869.  1   2
  8123869.  1   2
  8123869.  1   2
  8123869.  1   2
  8123869.  1   2
  8123869.  1   2
  8123869.  1   2
  8123869.  1   2
  8123869.  1   2
  8123869.  1   2
  8123869.  1   2
  8123869.  1   2
  8123869.  1   2
  8123869.  1   2
  8123869.  1   1
  8123869.  1   1
  8123869.  1   2
  8123869.  1   2
  8123869.  3  12
  8123869.  3  12
  8123869.  1   2
  8123869.  1   2
  8123869.  1   2
  8123869.  1   2
  8123869.  1   2
  8123869.  1   2
  8123869.  1   2
  8123869.  1   2
  8123869.  1   2
  8123869.  1   2
  8123869.  1   2
  8123869.  3  12
  8126085.  3  11
  8126085.  1   4
  8126085.  2  10
  8126085.  3  13
  8134695.  3  13
  8134695.  2  10
  8134695.  1   5
  8134695.  3  13
  8141848.  1   5
  8141848.  1   4
  8141848.  2   8
  8141848.  1   5
  8141848.  1   5
  8141848.  2   7
  8141848.  1   5
  8141848.  1   4
  8141848.  1   4
  8141848.  1   3
  8141848.  1   2
  8141848.  1   4
  8141848.  1   2
  8141848.  1   4
  8141848.  1   4
  8141848.  1   1
  8141848.  3  14
  8141848.  3  11
  8141848.  1   2
  8141848.  3  12
  8141848.  1   3
  9066435.  1   2
  9066435.  1   2
  9066435.  2   7
  9066435.  2   7
  9066435.  2   7
  9066435.  2   7
  9066435.  2   7
  9066435.  2   7
  9066435.  2   7
  9066435.  2   7
  9066435.  3  14
  9066435.  2   7
  9066435.  2   7
  9066435.  2   7
  9066435.  2  10
  9066435.  2  10
  9070074.  1   3
  9070074.  2   9
  9070074.  1   5
  9070074.  3  13
  9070074.  3  13
  9070074.  3  13
  9070074.  3  13
  9070074.  1   3
  9070074.  3  13
  9077607.  1   3
  9077607.  2   8
  9077607.  3  12
  9077607.  3  12
  9077607.  3  12
  9077607.  3  12
  9077607.  3  14
  9077607.  3  13
  9077607.  3  13
  9077607.  2   8
  9077607.  3  12
  9087318.  2   8
  9087318.  3  13
  9087318.  1   4
  9087318.  2   8
  9087318.  2   8
  9087318.  2   8
  9087318.  2  10
  9087318.  2  10
  9087318.  2   9
  9087318.  2   9
  9087318.  2  10
  9087318.  2  10
  9087318.  2  10
  9087318.  2   9
  9095877.  2   6
  9095877.  3  13
  9095877.  3  11
  9095877.  1   3
  9095877.  3  11
  9095877.  3  13
  9095877.  2   6
  9107131.  3  13
  9107131.  2   8
  9107131.  3  13
  9107131.  1   3
  9107131.  2   8
  9107131.  1   3
  9107131.  1   3
  9107131.  2   9
  9107131.  3  11
  9107131.  3  13
  9107131.  2   8
  9107224.  2   9
  9107224.  2   9
  9107224.  2   8
  9107224.  1   3
  9107224.  1   3
  9107224.  3  14
  9151974.  3  13
  9151974.  2   8
  9151974.  3  13
  9151974.  3  14
  9151974.  3  13
  9151974.  1   3
  9151974.  3  11
  9151974.  3  13
  9151974.  3  13
  9159212.  1   4
  9159212.  3  14
  9159212.  1   4
  9159212.  2  10
  9163794.  2  10
  9163794.  1   3
  9163794.  3  14
  9163794.  1   3
  9163794.  2   8
  9163794.  1   3
  9163794.  2   8
  9163794.  2   8
  9163794.  3  13
  9163794.  1   4
  9163794.  2   8
  9164142.  3  13
  9164142.  3  13
  9164142.  3  11
  9164142.  2   8
  9164142.  3  13
  9164142.  1   3
  9164142.  2   9
  9175539.  3  14
  9175539.  3  14
  9175539.  2   9
  9175539.  3  14
  9175539.  1   2
